0 0.502145 0.642565 0.177696 0.001634
0 0.499540 0.445057 0.258272 0.019199
2 0.502145 0.504085 0.109069 0.004085
2 0.502911 0.482639 0.110600 0.001225
2 0.503676 0.463644 0.168505 0.004902
2 0.502145 0.371528 0.164216 0.003676
2 0.500000 0.365400 0.242647 0.006944
2 0.494715 0.462623 0.329810 0.004493
2 0.467946 0.354984 0.311964 0.002451
2 0.494026 0.376838 0.329350 0.000408
2 0.427964 0.648287 0.285309 0.104029
2 0.407629 0.653751 0.271752 0.071247
2 0.491153 0.648900 0.327436 0.100352
2 0.424977 0.664678 0.283318 0.005683
0 0.438419 0.662278 0.292279 0.020083
2 0.441981 0.661308 0.294654 0.025904
2 0.441291 0.664371 0.294194 0.007521
2 0.394991 0.456087 0.263327 0.002042
2 0.380859 0.424632 0.253906 0.002859
0 0.438074 0.425245 0.292050 0.003268
