2 0.168964 0.593954 0.005821 0.004085
2 0.264553 0.498570 0.000919 0.001225
0 0.272518 0.524918 0.021752 0.001634
0 0.535692 0.488154 0.010110 0.016340
2 0.619179 0.433415 0.007966 0.002451
2 0.665035 0.609273 0.003539 0.003676
2 0.661167 0.633989 0.026746 0.189813
2 0.648300 0.630160 0.103952 0.212791
2 0.648491 0.632866 0.102803 0.196553
0 0.657184 0.639147 0.050643 0.158869
0 0.650789 0.642159 0.089017 0.140794
2 0.638611 0.635419 0.162086 0.181235
2 0.650138 0.668099 0.092923 0.014844
2 0.648721 0.663399 0.101425 0.003268
2 0.651134 0.539216 0.086949 0.012255
