0 0.530612 0.670164 0.085160 0.036913
0 0.526768 0.473789 0.212891 0.006493
2 0.530267 0.532699 0.166026 0.065898
2 0.531200 0.511503 0.162362 0.068921
2 0.532331 0.492739 0.215250 0.082003
2 0.530291 0.401114 0.188724 0.072969
2 0.527965 0.394772 0.216637 0.020547
2 0.517889 0.490643 0.345260 0.092173
2 0.496334 0.380557 0.330889 0.092044
2 0.521427 0.405404 0.347618 0.096984
2 0.436445 0.663216 0.290963 0.014452
2 0.418240 0.668640 0.278826 0.018090
2 0.499393 0.663825 0.332929 0.010802
2 0.439423 0.679487 0.292949 0.083173
0 0.451896 0.677105 0.301264 0.068879
2 0.455080 0.676142 0.303387 0.063101
2 0.455507 0.679183 0.303671 0.081348
2 0.419359 0.472101 0.279573 0.086571
2 0.406701 0.439169 0.271134 0.084621
0 0.463441 0.446693 0.308961 0.088826
