2 0.263894 0.653114 0.115928 0.049274
2 0.333724 0.558093 0.110010 0.002705
0 0.348362 0.587016 0.132284 0.006399
0 0.598690 0.549228 0.125414 0.159481
2 0.667026 0.494920 0.118465 0.183866
2 0.674518 0.667132 0.053357 0.214099
2 0.660577 0.666719 0.030289 0.006563
2 0.646890 0.662939 0.112408 0.016119
2 0.647775 0.665610 0.107099 0.000090
0 0.657971 0.671810 0.045922 0.037108
0 0.652433 0.674783 0.079152 0.054951
2 0.638678 0.668130 0.161679 0.015031
2 0.658460 0.700389 0.042989 0.208582
2 0.656339 0.697616 0.055714 0.191949
2 0.662279 0.587254 0.020076 0.191224
