0 0.417433 0.601716 0.045037 0.083333
0 0.363664 0.450980 0.015319 0.037582
2 0.546569 0.494894 0.020221 0.029003
2 0.550705 0.459355 0.030944 0.047794
2 0.583027 0.444444 0.035539 0.043301
2 0.578278 0.358864 0.023591 0.029003
2 0.369792 0.362541 0.017770 0.020833
2 0.674020 0.447100 0.024510 0.040441
2 0.748468 0.348243 0.024510 0.022467
2 0.688419 0.367647 0.014706 0.018791
2 0.861366 0.789420 0.013787 0.020833
2 0.911918 0.747958 0.011949 0.015523
2 0.684130 0.791871 0.008578 0.015114
2 0.860447 0.668096 0.011949 0.013480
0 0.828738 0.682802 0.011029 0.018382
2 0.817249 0.689951 0.011949 0.013072
2 0.817862 0.666462 0.010723 0.013480
2 0.947457 0.448121 0.019301 0.017974
2 0.974724 0.430351 0.019301 0.014297
0 0.828585 0.417279 0.019914 0.022467
