2 0.170956 0.577002 0.032475 0.037990
2 0.263021 0.502247 0.003983 0.008578
0 0.269914 0.495915 0.046569 0.059641
0 0.527267 0.474469 0.035539 0.043709
2 0.614737 0.413194 0.021752 0.042892
2 0.687347 0.584967 0.034620 0.052288
2 0.692862 0.895629 0.016238 0.027369
2 0.796722 0.953227 0.012561 0.023284
2 0.797641 0.932598 0.005821 0.006536
0 0.736673 0.861315 0.015012 0.028186
0 0.776808 0.848243 0.016238 0.020016
2 0.882353 0.889297 0.011029 0.021242
2 0.828891 0.672794 0.046262 0.053922
2 0.794884 0.651552 0.022365 0.026961
2 0.773284 0.536969 0.020221 0.027369
