0 0.508592 0.673608 0.136879 0.047899
0 0.415324 0.511253 0.126037 0.024025
2 0.608818 0.568931 0.135983 0.140296
2 0.603635 0.548457 0.138253 0.143391
2 0.626321 0.530350 0.141541 0.165216
2 0.598809 0.441054 0.136207 0.155381
2 0.400863 0.434548 0.130340 0.039839
2 0.678279 0.526816 0.104953 0.200310
2 0.665436 0.415651 0.070863 0.197301
2 0.679911 0.443939 0.122007 0.204950
2 0.646780 0.680142 0.092198 0.087100
2 0.641712 0.685412 0.122405 0.118724
2 0.667269 0.680733 0.030734 0.090647
2 0.650344 0.695954 0.070802 0.181973
0 0.654006 0.693639 0.048842 0.168082
2 0.654883 0.692703 0.043578 0.162467
2 0.655508 0.695658 0.039832 0.180200
2 0.646304 0.492977 0.085512 0.184319
2 0.642518 0.458754 0.106706 0.180945
0 0.660996 0.475145 0.003512 0.191084
