1 0.284539 0.513474 0.031798 0.035390
0 0.628107 0.501623 0.019737 0.031818
2 0.633772 0.479870 0.019371 0.034416
1 0.862025 0.696266 0.014620 0.035390
0 0.876553 0.058766 0.019920 0.035714
1 0.856634 0.017857 0.014803 0.029221
2 0.856817 0.018019 0.013706 0.028247
0 0.912920 0.035714 0.023575 0.033766
0 0.947825 0.631656 0.015899 0.035390
2 0.953308 0.631006 0.026864 0.034091
2 0.972405 0.609091 0.012427 0.014935
2 0.861020 0.630032 0.018092 0.051623
2 0.884229 0.669968 0.014803 0.014610
