2 0.642028 0.663110 0.141580 0.015089
2 0.662937 0.687823 0.016127 0.155992
0 0.619604 0.680126 0.089340 0.087006
2 0.619401 0.617057 0.080309 0.094636
2 0.597775 0.679168 0.085173 0.081257
2 0.482981 0.647561 0.090488 0.040181
2 0.353984 0.657579 0.085259 0.017520
2 0.248711 0.442251 0.080445 0.058762
2 0.404599 0.456420 0.094540 0.024041
2 0.478833 0.537197 0.082023 0.048709
2 0.092769 0.422652 0.061846 0.113742
2 0.106497 0.470950 0.070998 0.120423
2 0.023116 0.351761 0.015410 0.140815
0 0.155235 0.603516 0.038710 0.372652
