2 0.515806 0.591553 0.032256 0.038079
2 0.517719 0.600591 0.201335 0.042000
1 0.516270 0.481724 0.656063 0.008253
2 0.516095 0.412044 0.661504 0.013911
1 0.515745 0.359352 0.543594 0.002894
2 0.513190 0.651854 0.472636 0.082625
0 0.516923 0.383908 0.164215 0.029989
2 0.435302 0.648393 0.290201 0.045774
2 0.463197 0.266121 0.298322 0.037237
2 0.486729 0.243708 0.311107 0.040444
2 0.516739 0.352120 0.118630 0.036558
2 0.466645 0.100047 0.280428 0.049676
2 0.451927 0.205305 0.283357 0.048764
2 0.451587 0.088145 0.269301 0.037421
