1 0.363295 0.515534 0.133377 0.123364
0 0.683098 0.606484 0.128342 0.121225
2 0.684793 0.588486 0.115009 0.125540
1 0.674692 0.663976 0.054403 0.009897
0 0.612521 0.193912 0.318626 0.060709
1 0.609385 0.153082 0.337440 0.062099
2 0.609233 0.151117 0.338351 0.059366
0 0.605178 0.169676 0.362684 0.050556
0 0.664760 0.670214 0.005193 0.027531
2 0.663706 0.669823 0.011513 0.025186
2 0.655973 0.673066 0.057910 0.044647
2 0.673013 0.673917 0.044327 0.049749
2 0.671718 0.668727 0.036559 0.018614
