2 0.517178 0.566558 0.046418 0.103247
2 0.592928 0.562338 0.040022 0.052597
1 0.177083 0.424838 0.055921 0.093182
2 0.158443 0.375812 0.024854 0.045130
1 0.220943 0.322240 0.027778 0.045779
2 0.241137 0.728896 0.035270 0.077273
0 0.590643 0.344805 0.058845 0.070130
2 0.863578 0.607468 0.036367 0.062338
2 0.807840 0.236039 0.026864 0.046753
2 0.739949 0.213474 0.024854 0.043182
2 0.555281 0.307955 0.028326 0.059416
2 0.802175 0.075649 0.019920 0.027922
2 0.843659 0.179058 0.019554 0.032143
2 0.836623 0.068019 0.015351 0.028896
