2 0.566719 0.650596 0.240406 0.185221
2 0.653615 0.660192 0.242586 0.234019
1 0.172513 0.540968 0.115009 0.041440
2 0.148872 0.471307 0.099248 0.046317
1 0.199304 0.418508 0.132869 0.002120
2 0.335163 0.646325 0.214311 0.115802
0 0.577188 0.443447 0.237964 0.219039
2 0.674234 0.687764 0.051656 0.270477
2 0.613620 0.300441 0.130109 0.200294
2 0.613647 0.280899 0.177766 0.187266
2 0.545918 0.411546 0.240020 0.214447
2 0.560264 0.112149 0.140293 0.074766
2 0.590080 0.226774 0.110779 0.151183
2 0.551759 0.097132 0.107069 0.064755
