1 0.290022 0.523377 0.016447 0.004545
0 0.633772 0.516071 0.004386 0.002922
2 0.636696 0.495779 0.003655 0.002597
1 0.641189 0.657635 0.146615 0.047940
0 0.640116 0.075487 0.153056 0.002273
1 0.641806 0.031331 0.142914 0.002273
2 0.641829 0.029221 0.142777 0.005195
0 0.634999 0.051136 0.183758 0.002922
0 0.630955 0.649026 0.208018 0.000649
2 0.629927 0.644318 0.214186 0.004221
2 0.626044 0.605519 0.237486 0.003896
2 0.640595 0.638799 0.150178 0.001623
2 0.637991 0.663723 0.165803 0.011414
