2 0.601034 0.647056 0.155606 0.156727
2 0.682462 0.656125 0.157210 0.213680
1 0.246194 0.545145 0.154617 0.100566
2 0.220667 0.480361 0.147112 0.104901
1 0.259659 0.431226 0.152923 0.055242
2 0.391055 0.638700 0.125959 0.161552
0 0.596463 0.454520 0.152130 0.198982
2 0.656810 0.676554 0.052889 0.256013
2 0.622454 0.321606 0.051714 0.214404
2 0.620839 0.305048 0.096191 0.203365
2 0.565194 0.424820 0.154668 0.191835
2 0.561383 0.146706 0.062032 0.097804
2 0.596422 0.252295 0.034563 0.168196
2 0.552714 0.131728 0.030331 0.087818
