2 0.486055 0.652417 0.324036 0.032927
2 0.528914 0.645336 0.352609 0.132917
0 0.557495 0.637525 0.093072 0.136975
2 0.547971 0.556255 0.129502 0.125266
2 0.554872 0.626161 0.050860 0.133984
2 0.554365 0.576751 0.174658 0.137397
2 0.552134 0.577966 0.454464 0.139329
2 0.534844 0.344426 0.575415 0.122607
2 0.541761 0.369981 0.248592 0.137377
2 0.541520 0.461808 0.130425 0.135742
2 0.515414 0.311686 0.901263 0.135819
2 0.515204 0.363315 0.902529 0.128271
0 0.508838 0.598903 0.940719 0.075660
