2 0.845852 0.826299 0.039656 0.096104
2 0.729167 0.617208 0.021930 0.037662
0 0.536824 0.619318 0.029057 0.057468
2 0.536550 0.548539 0.019371 0.028247
2 0.505026 0.607143 0.021382 0.038961
2 0.398026 0.569968 0.033260 0.036688
2 0.271199 0.580682 0.021930 0.044481
2 0.202577 0.376461 0.013706 0.021753
2 0.363852 0.372565 0.027047 0.040584
2 0.427723 0.468344 0.016996 0.029545
2 0.064693 0.337175 0.026681 0.043182
2 0.056012 0.395779 0.013706 0.029870
2 0.013523 0.278409 0.020468 0.025649
0 0.057383 0.924675 0.014254 0.027273
