2 0.648252 0.678270 0.104237 0.075868
2 0.671249 0.685951 0.033743 0.230841
0 0.633407 0.689898 0.138639 0.145636
2 0.625902 0.619317 0.128895 0.150232
2 0.611378 0.686026 0.134360 0.134497
2 0.496469 0.649246 0.139782 0.070475
2 0.372444 0.658686 0.134923 0.010214
2 0.250136 0.449921 0.128787 0.060778
2 0.402446 0.464177 0.143679 0.048295
2 0.482139 0.541888 0.131486 0.082661
2 0.088256 0.431119 0.058837 0.141786
2 0.106817 0.477881 0.071211 0.148127
0 0.183070 0.599291 0.070795 0.398006
