1 0.557092 0.566605 0.074968 0.094185
0 0.518164 0.677460 0.345443 0.179181
2 0.516585 0.681145 0.344390 0.145011
1 0.439682 0.643304 0.293121 0.358698
0 0.407240 0.541424 0.240776 0.745204
1 0.404109 0.527027 0.209960 0.831587
2 0.403412 0.526485 0.208440 0.834839
0 0.389045 0.531554 0.212874 0.804428
0 0.418610 0.656595 0.279073 0.320251
2 0.415029 0.654263 0.276686 0.309981
2 0.402522 0.652211 0.268348 0.236386
2 0.444028 0.664006 0.296019 0.324952
2 0.436962 0.657260 0.291308 0.362453
